405
1 -5  -40 0.1 0.627492473 0
2 -4  -40 0.1 0.518214141 0
3 -2  -40 0.1 0.305323421 0
4 -1  -40 0.1 0.200794305 0
5 0 -40 0.1 0.0972  0
6 1 -40 0.1 -0.006420422  0
7 2 -40 0.1 -0.112027275  0
8 3 -40 0.1 -0.218674825  0
9 4 -40 0.1 -0.325229449  0
10  5 -40 0.1 -0.433745068  0
11  6 -40 0.1 -0.539261973  0
12  7 -40 0.1 -0.646637016  0
13  8 -40 0.1 -0.750023706  0
14  9 -40 0.1 -0.851267048  0
15  10  -40 0.1 -0.951499915  0
16  -5  -30 0.1 0.60409689  0
17  -4  -30 0.1 0.494870459 0
18  -2  -30 0.1 0.282094405 0
19  -1  -30 0.1 0.177629759 0
20  0 -30 0.1 0.0741  0
21  1 -30 0.1 -0.02945233 0
22  2 -30 0.1 -0.134984075  0
23  3 -30 0.1 -0.241559992  0
24  4 -30 0.1 -0.348029031  0
25  5 -30 0.1 -0.456460836  0
26  6 -30 0.1 -0.561890485  0
27  7 -30 0.1 -0.66917485 0
28  8 -30 0.1 -0.772453545  0
29  9 -30 0.1 -0.873582058  0
30  10  -30 0.1 -0.973710665  0
31  -5  -20 0.1 0.587623596 0
32  -4  -20 0.1 0.478428798 0
33  -2  -20 0.1 0.265720575 0
34  -1  -20 0.1 0.161290355 0
35  0 -20 0.1 0.0578  0
36  1 -20 0.1 -0.045711452  0
37  2 -20 0.1 -0.151200856  0
38  3 -20 0.1 -0.257727748  0
39  4 -20 0.1 -0.364149812  0
40  5 -20 0.1 -0.472524498  0
41  6 -20 0.1 -0.577902588  0
42  7 -20 0.1 -0.685121801  0
43  8 -20 0.1 -0.788330486  0
44  9 -20 0.1 -0.889399796  0
45  10  -20 0.1 -0.989450465  0
46  -5  -10 0.1 0.560603102 0
47  -4  -10 0.1 0.451449934 0
48  -2  -10 0.1 0.238825223 0
49  -1  -10 0.1 0.134440335 0
50  0 -10 0.1 0.031 0
51  1 -10 0.1 -0.072456759  0
52  2 -10 0.1 -0.177886812  0
53  3 -10 0.1 -0.284354946  0
54  4 -10 0.1 -0.390703162  0
55  5 -10 0.1 -0.499013342  0
56  6 -10 0.1 -0.604304907  0
57  7 -10 0.1 -0.711441738  0
58  8 -10 0.1 -0.814563489  0
59  9 -10 0.1 -0.915541331  0
60  10  -10 0.1 -1.015478651  0
61  -5  0 0.1 0.49144732  0
62  -4  0 0.1 0.38230411  0
63  -2  0 0.1 0.169734638 0
64  -1  0 0.1 0.065391506 0
65  0 0 0.1 -0.038  0
66  1 0 0.1 -0.141397383  0
67  2 0 0.1 -0.24675753 0
68  3 0 0.1 -0.353140011  0
69  4 0 0.1 -0.459395568  0
70  5 0 0.1 -0.567593896  0
71  6 0 0.1 -0.672759672  0
72  7 0 0.1 -0.779756805  0
73  8 0 0.1 -0.882724978  0
74  9 0 0.1 -0.983519749  0
75  10  0 0.1 -1.083274103  0
76  -5  10  0.1 0.422849335 0
77  -4  10  0.1 0.313611704 0
78  -2  10  0.1 0.100870899 0
79  -1  10  0.1 -0.003543883  0
80  0 10  0.1 -0.107  0
81  1 10  0.1 -0.210451448  0
82  2 10  0.1 -0.315855095  0
83  3 10  0.1 -0.42226526 0
84  4 10  0.1 -0.528541392  0
85  5 10  0.1 -0.636740962  0
86  6 10  0.1 -0.741893872  0
87  7 10  0.1 -0.848864023  0
88  8 10  0.1 -0.951791092  0
89  9 10  0.1 -1.052514991  0
90  10  10  0.1 -1.152198268  0
91  -5  20  0.1 0.396360491 0
92  -4  20  0.1 0.287058354 0
93  -2  20  0.1 0.074184944 0
94  -1  20  0.1 -0.030289189  0
95  0 20  0.1 -0.1338 0
96  1 20  0.1 -0.237303214  0
97  2 20  0.1 -0.342753938  0
98  3 20  0.1 -0.449206474  0
99  4 20  0.1 -0.555520256  0
100 5 20  0.1 -0.663752741  0
101 6 20  0.1 -0.768933814  0
102 7 20  0.1 -0.875915177  0
103 8 20  0.1 -0.978859134  0
104 9 20  0.1 -1.079595132  0
105 10  20  0.1 -1.179268343  0
106 -5  30  0.1 0.380296829 0
107 -4  30  0.1 0.270937573 0
108 -2  30  0.1 0.057971652 0
109 -1  30  0.1 -0.046546566  0
110 0 30  0.1 -0.1501 0
111 1 30  0.1 -0.253642617  0
112 2 30  0.1 -0.359127767  0
113 3 30  0.1 -0.465620208  0
114 4 30  0.1 -0.571961917  0
115 5 30  0.1 -0.680217319  0
116 6 30  0.1 -0.785426748  0
117 7 30  0.1 -0.892434913  0
118 8 30  0.1 -0.995390188  0
119 9 30  0.1 -1.096132469  0
120 10  30  0.1 -1.195824289  0
121 -5  40  0.1 0.357572346 0
122 -4  40  0.1 0.248137991 0
123 -2  40  0.1 0.035014852 0
124 -1  40  0.1 -0.069576729  0
125 0 40  0.1 -0.1732 0
126 1 40  0.1 -0.276808908  0
127 2 40  0.1 -0.382360273  0
128 3 40  0.1 -0.488908362  0
129 4 40  0.1 -0.595305599  0
130 5 40  0.1 -0.703612902  0
131 6 40  0.1 -0.808860129  0
132 7 40  0.1 -0.915911141  0
133 8 40  0.1 -1.01889166 0
134 9 40  0.1 -1.119683312  0
135 10  40  0.1 -1.21937213 0
136 -5  -40 0.3 0.62903662  0
137 -4  -40 0.3 0.519823512 0
138 -2  -40 0.3 0.305083884 0
139 -1  -40 0.3 0.199624663 0
140 0 -40 0.3 0.0961  0
141 1 -40 0.3 -0.009450141  0
142 2 -40 0.3 -0.114982299  0
143 3 -40 0.3 -0.222559863  0
144 4 -40 0.3 -0.330031024  0
145 5 -40 0.3 -0.438564194  0
146 6 -40 0.3 -0.545014972  0
147 7 -40 0.3 -0.652447809  0
148 8 -40 0.3 -0.755785996  0
149 9 -40 0.3 -0.856979078  0
150 10  -40 0.3 -0.957333594  0
151 -5  -30 0.3 0.605840276 0
152 -4  -30 0.3 0.496679342 0
153 -2  -30 0.3 0.282054746 0
154 -1  -30 0.3 0.176660086 0
155 0 -30 0.3 0.0732  0
156 1 -30 0.3 -0.032282079  0
157 2 -30 0.3 -0.13774271 0
158 3 -30 0.3 -0.245245303  0
159 4 -30 0.3 -0.352638069  0
160 5 -30 0.3 -0.461080723  0
161 6 -30 0.3 -0.567444579  0
162 7 -30 0.3 -0.674787134  0
163 8 -30 0.3 -0.77801778 0
164 9 -30 0.3 -0.879096551  0
165 10  -30 0.3 -0.979347383  0
166 -5  -20 0.3 0.589566221 0
167 -4  -20 0.3 0.48044417  0
168 -2  -20 0.3 0.265880795 0
169 -1  -20 0.3 0.160520652 0
170 0 -20 0.3 0.0571  0
171 1 -20 0.3 -0.048341231  0
172 2 -20 0.3 -0.153759614  0
173 3 -20 0.3 -0.261213333  0
174 4 -20 0.3 -0.368559337  0
175 5 -20 0.3 -0.476945146  0
176 6 -20 0.3 -0.583257778  0
177 7 -20 0.3 -0.690535575  0
178 8 -20 0.3 -0.793696667  0
179 9 -20 0.3 -0.894716751  0
180 10  -20 0.3 -0.994890221  0
181 -5  -10 0.3 0.562645346 0
182 -4  -10 0.3 0.453565062 0
183 -2  -10 0.3 0.239085381 0
184 -1  -10 0.3 0.133770616 0
185 0 -10 0.3 0.0304  0
186 1 -10 0.3 -0.074986553  0
187 2 -10 0.3 -0.18034563 0
188 3 -10 0.3 -0.287740668  0
189 4 -10 0.3 -0.39501293 0
190 5 -10 0.3 -0.503334371  0
191 6 -10 0.3 -0.609560644  0
192 7 -10 0.3 -0.716756258  0
193 8 -10 0.3 -0.819830644  0
194 9 -10 0.3 -0.920759517  0
195 10  -10 0.3 -1.020819927  0
196 -5  0 0.3 0.493987662 0
197 -4  0 0.3 0.38491802  0
198 -2  0 0.3 0.170494491 0
199 -1  0 0.3 0.065221711 0
200 0 0 0.3 -0.0381 0
201 1 0 0.3 -0.143427253  0
202 2 0 0.3 -0.248716653  0
203 3 0 0.3 -0.356026419  0
204 4 0 0.3 -0.463206555  0
205 5 0 0.3 -0.571416827  0
206 6 0 0.3 -0.677518148  0
207 7 0 0.3 -0.784575052  0
208 8 0 0.3 -0.887496999  0
209 9 0 0.3 -0.988244091  0
210 10  0 0.3 -1.088122974  0
211 -5  10  0.3 0.426087013 0
212 -4  10  0.3 0.316923908 0
213 -2  10  0.3 0.102330327 0
214 -1  10  0.3 -0.003015529  0
215 0 10  0.3 -0.1064 0
216 1 10  0.3 -0.211781425  0
217 2 10  0.3 -0.317111155  0
218 3 10  0.3 -0.424452627  0
219 4 10  0.3 -0.531654084  0
220 5 10  0.3 -0.639866557  0
221 6 10  0.3 -0.745956183  0
222 7 10  0.3 -0.852987488  0
223 8 10  0.3 -0.955869926  0
224 9 10  0.3 -1.05654795 0
225 10  10  0.3 -1.156357774  0
226 -5  20  0.3 0.399697789 0
227 -4  20  0.3 0.290470315 0
228 -2  20  0.3 0.07574431  0
229 -1  20  0.3 -0.029659105  0
230 0 20  0.3 -0.1331 0
231 1 20  0.3 -0.238533206  0
232 2 20  0.3 -0.343910058  0
233 3 20  0.3 -0.451293978  0
234 4 20  0.3 -0.558533191  0
235 5 20  0.3 -0.666778716  0
236 6 20  0.3 -0.772896673  0
237 7 20  0.3 -0.879939387  0
238 8 20  0.3 -0.982838941  0
239 9 20  0.3 -1.083529323  0
240 10  20  0.3 -1.183329368  0
241 -5  30  0.3 0.383833365 0
242 -4  30  0.3 0.274549047 0
243 -2  30  0.3 0.059730897 0
244 -1  30  0.3 -0.045716513  0
245 0 30  0.3 -0.1492 0
246 1 30  0.3 -0.25467264 0
247 2 30  0.3 -0.360087499  0
248 3 30  0.3 -0.467502753  0
249 4 30  0.3 -0.574768364  0
250 5 30  0.3 -0.683044056  0
251 6 30  0.3 -0.789190702  0
252 7 30  0.3 -0.896260614  0
253 8 30  0.3 -0.999158024  0
254 9 30  0.3 -1.099869122  0
255 10  30  0.3 -1.199670988  0
256 -5  40  0.3 0.361308121 0
257 -4  40  0.3 0.251942002 0
258 -2  40  0.3 0.036973975 0
259 -1  40  0.3 -0.068546706  0
260 0 40  0.3 -0.1721 0
261 1 40  0.3 -0.277638961  0
262 2 40  0.3 -0.383116637  0
263 3 40  0.3 -0.49059118 0
264 4 40  0.3 -0.597912533  0
265 5 40  0.3 -0.7062404  0
266 6 40  0.3 -0.812425179  0
267 7 40  0.3 -0.919538333  0
268 8 40  0.3 -1.022475359  0
269 9 40  0.3 -1.123206784  0
270 10  40  0.3 -1.223039232  0
271 -5  -40 0.5 0.630071425 0
272 -4  -40 0.5 0.518814094 0
273 -2  -40 0.5 0.300131029 0
274 -1  -40 0.5 0.192682083 0
275 0 -40 0.5 0.0872  0
276 1 -40 0.5 -0.020306595  0
277 2 -40 0.5 -0.127829071  0
278 3 -40 0.5 -0.23632044 0
279 4 -40 0.5 -0.345801609  0
280 5 -40 0.5 -0.455286582  0
281 6 -40 0.5 -0.563686001  0
282 7 -40 0.5 -0.672053234  0
283 8 -40 0.5 -0.775325322  0
284 9 -40 0.5 -0.877590477  0
285 10  -40 0.5 -0.976722891  0
286 -5  -30 0.5 0.60861219  0
287 -4  -30 0.5 0.497400661 0
288 -2  -30 0.5 0.278818306 0
289 -1  -30 0.5 0.171424228 0
290 0 -30 0.5 0.066 0
291 1 -30 0.5 -0.041445773  0
292 2 -30 0.5 -0.148904478  0
293 3 -30 0.5 -0.257329145  0
294 4 -30 0.5 -0.366740697  0
295 5 -30 0.5 -0.476153158  0
296 6 -30 0.5 -0.58445628 0
297 7 -30 0.5 -0.692753978  0
298 8 -30 0.5 -0.795929321  0
299 9 -30 0.5 -0.898091454  0
300 10  -30 0.5 -0.997131965  0
301 -5  -20 0.5 0.593559715 0
302 -4  -20 0.5 0.482376517 0
303 -2  -20 0.5 0.263854093 0
304 -1  -20 0.5 0.156491592 0
305 0 -20 0.5 0.0511  0
306 1 -20 0.5 -0.056310344  0
307 2 -20 0.5 -0.163729092  0
308 3 -20 0.5 -0.27211452 0
309 4 -20 0.5 -0.38147884 0
310 5 -20 0.5 -0.490848294  0
311 6 -20 0.5 -0.599107411  0
312 7 -20 0.5 -0.707335738  0
313 8 -20 0.5 -0.810461638  0
314 9 -20 0.5 -0.912573358  0
315 10  -20 0.5 -1.011545128  0
316 -5  -10 0.5 0.568674808 0
317 -4  -10 0.5 0.45752044  0
318 -2  -10 0.5 0.239067931 0
319 -1  -10 0.5 0.131746488 0
320 0 -10 0.5 0.0264  0
321 1 -10 0.5 -0.080962951  0
322 2 -10 0.5 -0.188330287  0
323 3 -10 0.5 -0.296660297  0
324 4 -10 0.5 -0.405965208  0
325 5 -10 0.5 -0.51526256 0
326 6 -10 0.5 -0.623452592  0
327 7 -10 0.5 -0.731607889  0
328 8 -10 0.5 -0.83465683 0
329 9 -10 0.5 -0.936672035  0
330 10  -10 0.5 -1.035557313  0
331 -5  0 0.5 0.505032959 0
332 -4  0 0.5 0.393896097 0
333 -2  0 0.5 0.175491446 0
334 -1  0 0.5 0.068203802 0
335 0 0 0.5 -0.0371 0
336 1 0 0.5 -0.144409649  0
337 2 0 0.5 -0.251714826  0
338 3 0 0.5 -0.359968601  0
339 4 0 0.5 -0.469191939  0
340 5 0 0.5 -0.57839019 0
341 6 0 0.5 -0.686468845  0
342 7 0 0.5 -0.794500513  0
343 8 0 0.5 -0.89739968 0
344 9 0 0.5 -0.999265097  0
345 10  0 0.5 -1.097971052  0
346 -5  10  0.5 0.442095853 0
347 -4  10  0.5 0.330868878 0
348 -2  10  0.5 0.112313765 0
349 -1  10  0.5 0.004960564 0
350 0 10  0.5 -0.1004 0
351 1 10  0.5 -0.207755855  0
352 2 10  0.5 -0.315098413  0
353 3 10  0.5 -0.423380727  0
354 4 10  0.5 -0.532616769  0
355 5 10  0.5 -0.641815368  0
356 6 10  0.5 -0.749882006  0
357 7 10  0.5 -0.857889284  0
358 8 10  0.5 -0.960737762  0
359 9 10  0.5 -1.062552298  0
360 10  10  0.5 -1.161177623  0
361 -5  20  0.5 0.417664155 0
362 -4  20  0.5 0.30638251  0
363 -2  20  0.5 0.08771257  0
364 -1  20  0.5 -0.019690298  0
365 0 20  0.5 -0.1251 0
366 1 20  0.5 -0.232502705  0
367 2 20  0.5 -0.339884575  0
368 3 20  0.5 -0.448203884  0
369 4 20  0.5 -0.557472846  0
370 5 20  0.5 -0.666700276  0
371 6 20  0.5 -0.774781188  0
372 7 20  0.5 -0.882807343  0
373 8 20  0.5 -0.985670572  0
374 9 20  0.5 -1.087480077  0
375 10  20  0.5 -1.186110144  0
376 -5  30  0.5 0.402969019 0
377 -4  30  0.5 0.291644368 0
378 -2  30  0.5 0.072887956 0
379 -1  30  0.5 -0.034554869  0
380 0 30  0.5 -0.14 0
381 1 30  0.5 -0.247437086  0
382 2 30  0.5 -0.354852277  0
383 3 30  0.5 -0.463198604  0
384 4 30  0.5 -0.572496991  0
385 5 30  0.5 -0.681744035  0
386 6 30  0.5 -0.789850433  0
387 7 30  0.5 -0.897888767  0
388 8 30  0.5 -1.000773499  0
389 9 30  0.5 -1.102587719  0
390 10  30  0.5 -1.201235264  0
391 -5  40  0.5 0.382102443 0
392 -4  40  0.5 0.270705279 0
393 -2  40  0.5 0.051816039 0
394 -1  40  0.5 -0.055692302  0
395 0 40  0.5 -0.1612 0
396 1 40  0.5 -0.268694941  0
397 2 40  0.5 -0.376165001  0
398 3 40  0.5 -0.484563193  0
399 4 40  0.5 -0.593910423  0
400 5 40  0.5 -0.70320327 0
401 6 40  0.5 -0.811352411  0
402 7 40  0.5 -0.919418223  0
403 8 40  0.5 -1.022323874  0
404 9 40  0.5 -1.124168093  0
405 10  40  0.5 -1.222825146  0
