405
1 -5  -40 0.1 0 1.9942
2 -4  -40 0.1 0 1.8287
3 -2  -40 0.1 0 1.4975
4 -1  -40 0.1 0 1.3318
5 0 -40 0.1 0 1.166
6 1 -40 0.1 0 0.9973
7 2 -40 0.1 0 0.8248
8 3 -40 0.1 0 0.6483
9 4 -40 0.1 0 0.4678
10  5 -40 0.1 0 0.2832
11  6 -40 0.1 0 0.1128
12  7 -40 0.1 0 -0.0675
13  8 -40 0.1 0 -0.2401
14  9 -40 0.1 0 -0.4025
15  10  -40 0.1 0 -0.5577
16  -5  -30 0.1 0 1.7913
17  -4  -30 0.1 0 1.6258
18  -2  -30 0.1 0 1.2946
19  -1  -30 0.1 0 1.1289
20  0 -30 0.1 0 0.9631
21  1 -30 0.1 0 0.7944
22  2 -30 0.1 0 0.6219
23  3 -30 0.1 0 0.4454
24  4 -30 0.1 0 0.2649
25  5 -30 0.1 0 0.0803
26  6 -30 0.1 0 -0.0901
27  7 -30 0.1 0 -0.2704
28  8 -30 0.1 0 -0.443
29  9 -30 0.1 0 -0.6054
30  10  -30 0.1 0 -0.7606
31  -5  -20 0.1 0 1.6168
32  -4  -20 0.1 0 1.4513
33  -2  -20 0.1 0 1.1201
34  -1  -20 0.1 0 0.9544
35  0 -20 0.1 0 0.7886
36  1 -20 0.1 0 0.6199
37  2 -20 0.1 0 0.4474
38  3 -20 0.1 0 0.2709
39  4 -20 0.1 0 0.0904
40  5 -20 0.1 0 -0.0942
41  6 -20 0.1 0 -0.2646
42  7 -20 0.1 0 -0.4449
43  8 -20 0.1 0 -0.6175
44  9 -20 0.1 0 -0.7799
45  10  -20 0.1 0 -0.9351
46  -5  -10 0.1 0 1.3703
47  -4  -10 0.1 0 1.2048
48  -2  -10 0.1 0 0.8736
49  -1  -10 0.1 0 0.7079
50  0 -10 0.1 0 0.5421
51  1 -10 0.1 0 0.3734
52  2 -10 0.1 0 0.2009
53  3 -10 0.1 0 0.0244
54  4 -10 0.1 0 -0.1561
55  5 -10 0.1 0 -0.3407
56  6 -10 0.1 0 -0.5111
57  7 -10 0.1 0 -0.6914
58  8 -10 0.1 0 -0.864
59  9 -10 0.1 0 -1.0264
60  10  -10 0.1 0 -1.1816
61  -5  0 0.1 0 0.7612
62  -4  0 0.1 0 0.5957
63  -2  0 0.1 0 0.2645
64  -1  0 0.1 0 0.0988
65  0 0 0.1 0 -0.067
66  1 0 0.1 0 -0.2357
67  2 0 0.1 0 -0.4082
68  3 0 0.1 0 -0.5847
69  4 0 0.1 0 -0.7652
70  5 0 0.1 0 -0.9498
71  6 0 0.1 0 -1.1202
72  7 0 0.1 0 -1.3005
73  8 0 0.1 0 -1.4731
74  9 0 0.1 0 -1.6355
75  10  0 0.1 0 -1.7907
76  -5  10  0.1 0 0.1533
77  -4  10  0.1 0 -0.0122
78  -2  10  0.1 0 -0.3434
79  -1  10  0.1 0 -0.5091
80  0 10  0.1 0 -0.6749
81  1 10  0.1 0 -0.8436
82  2 10  0.1 0 -1.0161
83  3 10  0.1 0 -1.1926
84  4 10  0.1 0 -1.3731
85  5 10  0.1 0 -1.5577
86  6 10  0.1 0 -1.7281
87  7 10  0.1 0 -1.9084
88  8 10  0.1 0 -2.081
89  9 10  0.1 0 -2.2434
90  10  10  0.1 0 -2.3986
91  -5  20  0.1 0 -0.0932
92  -4  20  0.1 0 -0.2587
93  -2  20  0.1 0 -0.5899
94  -1  20  0.1 0 -0.7556
95  0 20  0.1 0 -0.9214
96  1 20  0.1 0 -1.0901
97  2 20  0.1 0 -1.2626
98  3 20  0.1 0 -1.4391
99  4 20  0.1 0 -1.6196
100 5 20  0.1 0 -1.8042
101 6 20  0.1 0 -1.9746
102 7 20  0.1 0 -2.1549
103 8 20  0.1 0 -2.3275
104 9 20  0.1 0 -2.4899
105 10  20  0.1 0 -2.6451
106 -5  30  0.1 0 -0.2677
107 -4  30  0.1 0 -0.4332
108 -2  30  0.1 0 -0.7644
109 -1  30  0.1 0 -0.9301
110 0 30  0.1 0 -1.0959
111 1 30  0.1 0 -1.2646
112 2 30  0.1 0 -1.4371
113 3 30  0.1 0 -1.6136
114 4 30  0.1 0 -1.7941
115 5 30  0.1 0 -1.9787
116 6 30  0.1 0 -2.1491
117 7 30  0.1 0 -2.3294
118 8 30  0.1 0 -2.502
119 9 30  0.1 0 -2.6644
120 10  30  0.1 0 -2.8196
121 -5  40  0.1 0 -0.4765
122 -4  40  0.1 0 -0.642
123 -2  40  0.1 0 -0.9732
124 -1  40  0.1 0 -1.1389
125 0 40  0.1 0 -1.3047
126 1 40  0.1 0 -1.4734
127 2 40  0.1 0 -1.6459
128 3 40  0.1 0 -1.8224
129 4 40  0.1 0 -2.0029
130 5 40  0.1 0 -2.1875
131 6 40  0.1 0 -2.3579
132 7 40  0.1 0 -2.5382
133 8 40  0.1 0 -2.7108
134 9 40  0.1 0 -2.8732
135 10  40  0.1 0 -3.0284
136 -5  -40 0.3 0 1.9969
137 -4  -40 0.3 0 1.8307
138 -2  -40 0.3 0 1.4975
139 -1  -40 0.3 0 1.3306
140 0 -40 0.3 0 1.1635
141 1 -40 0.3 0 0.9935
142 2 -40 0.3 0 0.8196
143 3 -40 0.3 0 0.642
144 4 -40 0.3 0 0.4605
145 5 -40 0.3 0 0.275
146 6 -40 0.3 0 0.1039
147 7 -40 0.3 0 -0.0769
148 8 -40 0.3 0 -0.2495
149 9 -40 0.3 0 -0.4099
150 10  -40 0.3 0 -0.5641
151 -5  -30 0.3 0 1.7943
152 -4  -30 0.3 0 1.6281
153 -2  -30 0.3 0 1.2949
154 -1  -30 0.3 0 1.128
155 0 -30 0.3 0 0.9609
156 1 -30 0.3 0 0.7909
157 2 -30 0.3 0 0.617
158 3 -30 0.3 0 0.4394
159 4 -30 0.3 0 0.2579
160 5 -30 0.3 0 0.0724
161 6 -30 0.3 0 -0.0987
162 7 -30 0.3 0 -0.2795
163 8 -30 0.3 0 -0.4521
164 9 -30 0.3 0 -0.6125
165 10  -30 0.3 0 -0.7667
166 -5  -20 0.3 0 1.6199
167 -4  -20 0.3 0 1.4537
168 -2  -20 0.3 0 1.1205
169 -1  -20 0.3 0 0.9536
170 0 -20 0.3 0 0.7865
171 1 -20 0.3 0 0.6165
172 2 -20 0.3 0 0.4426
173 3 -20 0.3 0 0.265
174 4 -20 0.3 0 0.0835
175 5 -20 0.3 0 -0.102
176 6 -20 0.3 0 -0.2731
177 7 -20 0.3 0 -0.4539
178 8 -20 0.3 0 -0.6265
179 9 -20 0.3 0 -0.7869
180 10  -20 0.3 0 -0.9411
181 -5  -10 0.3 0 1.3737
182 -4  -10 0.3 0 1.2075
183 -2  -10 0.3 0 0.8743
184 -1  -10 0.3 0 0.7074
185 0 -10 0.3 0 0.5403
186 1 -10 0.3 0 0.3703
187 2 -10 0.3 0 0.1964
188 3 -10 0.3 0 0.0188
189 4 -10 0.3 0 -0.1627
190 5 -10 0.3 0 -0.3482
191 6 -10 0.3 0 -0.5193
192 7 -10 0.3 0 -0.7001
193 8 -10 0.3 0 -0.8727
194 9 -10 0.3 0 -1.0331
195 10  -10 0.3 0 -1.1873
196 -5  0 0.3 0 0.7652
197 -4  0 0.3 0 0.599
198 -2  0 0.3 0 0.2658
199 -1  0 0.3 0 0.0989
200 0 0 0.3 0 -0.0682
201 1 0 0.3 0 -0.2382
202 2 0 0.3 0 -0.4121
203 3 0 0.3 0 -0.5897
204 4 0 0.3 0 -0.7712
205 5 0 0.3 0 -0.9567
206 6 0 0.3 0 -1.1278
207 7 0 0.3 0 -1.3086
208 8 0 0.3 0 -1.4812
209 9 0 0.3 0 -1.6416
210 10  0 0.3 0 -1.7958
211 -5  10  0.3 0 0.1579
212 -4  10  0.3 0 -0.0083
213 -2  10  0.3 0 -0.3415
214 -1  10  0.3 0 -0.5084
215 0 10  0.3 0 -0.6755
216 1 10  0.3 0 -0.8455
217 2 10  0.3 0 -1.0194
218 3 10  0.3 0 -1.197
219 4 10  0.3 0 -1.3785
220 5 10  0.3 0 -1.564
221 6 10  0.3 0 -1.7351
222 7 10  0.3 0 -1.9159
223 8 10  0.3 0 -2.0885
224 9 10  0.3 0 -2.2489
225 10  10  0.3 0 -2.4031
226 -5  20  0.3 0 -0.0883
227 -4  20  0.3 0 -0.2545
228 -2  20  0.3 0 -0.5877
229 -1  20  0.3 0 -0.7546
230 0 20  0.3 0 -0.9217
231 1 20  0.3 0 -1.0917
232 2 20  0.3 0 -1.2656
233 3 20  0.3 0 -1.4432
234 4 20  0.3 0 -1.6247
235 5 20  0.3 0 -1.8102
236 6 20  0.3 0 -1.9813
237 7 20  0.3 0 -2.1621
238 8 20  0.3 0 -2.3347
239 9 20  0.3 0 -2.4951
240 10  20  0.3 0 -2.6493
241 -5  30  0.3 0 -0.2627
242 -4  30  0.3 0 -0.4289
243 -2  30  0.3 0 -0.7621
244 -1  30  0.3 0 -0.929
245 0 30  0.3 0 -1.0961
246 1 30  0.3 0 -1.2661
247 2 30  0.3 0 -1.44
248 3 30  0.3 0 -1.6176
249 4 30  0.3 0 -1.7991
250 5 30  0.3 0 -1.9846
251 6 30  0.3 0 -2.1557
252 7 30  0.3 0 -2.3365
253 8 30  0.3 0 -2.5091
254 9 30  0.3 0 -2.6695
255 10  30  0.3 0 -2.8237
256 -5  40  0.3 0 -0.4713
257 -4  40  0.3 0 -0.6375
258 -2  40  0.3 0 -0.9707
259 -1  40  0.3 0 -1.1376
260 0 40  0.3 0 -1.3047
261 1 40  0.3 0 -1.4747
262 2 40  0.3 0 -1.6486
263 3 40  0.3 0 -1.8262
264 4 40  0.3 0 -2.0077
265 5 40  0.3 0 -2.1932
266 6 40  0.3 0 -2.3643
267 7 40  0.3 0 -2.5451
268 8 40  0.3 0 -2.7177
269 9 40  0.3 0 -2.8781
270 10  40  0.3 0 -3.0323
271 -5  -40 0.5 0 1.9368
272 -4  -40 0.5 0 1.7686
273 -2  -40 0.5 0 1.4304
274 -1  -40 0.5 0 1.2607
275 0 -40 0.5 0 1.0904
276 1 -40 0.5 0 0.9174
277 2 -40 0.5 0 0.7407
278 3 -40 0.5 0 0.5604
279 4 -40 0.5 0 0.3764
280 5 -40 0.5 0 0.1887
281 6 -40 0.5 0 0.0159
282 7 -40 0.5 0 -0.1665
283 8 -40 0.5 0 -0.3374
284 9 -40 0.5 0 -0.4971
285 10  -40 0.5 0 -0.6487
286 -5  -30 0.5 0 1.7461
287 -4  -30 0.5 0 1.5779
288 -2  -30 0.5 0 1.2397
289 -1  -30 0.5 0 1.07
290 0 -30 0.5 0 0.8997
291 1 -30 0.5 0 0.7267
292 2 -30 0.5 0 0.55
293 3 -30 0.5 0 0.3697
294 4 -30 0.5 0 0.1857
295 5 -30 0.5 0 -0.002
296 6 -30 0.5 0 -0.1748
297 7 -30 0.5 0 -0.3572
298 8 -30 0.5 0 -0.5281
299 9 -30 0.5 0 -0.6878
300 10  -30 0.5 0 -0.8394
301 -5  -20 0.5 0 1.5802
302 -4  -20 0.5 0 1.412
303 -2  -20 0.5 0 1.0738
304 -1  -20 0.5 0 0.9041
305 0 -20 0.5 0 0.7338
306 1 -20 0.5 0 0.5608
307 2 -20 0.5 0 0.3841
308 3 -20 0.5 0 0.2038
309 4 -20 0.5 0 0.0198
310 5 -20 0.5 0 -0.1679
311 6 -20 0.5 0 -0.3407
312 7 -20 0.5 0 -0.5231
313 8 -20 0.5 0 -0.694
314 9 -20 0.5 0 -0.8537
315 10  -20 0.5 0 -1.0053
316 -5  -10 0.5 0 1.3479
317 -4  -10 0.5 0 1.1797
318 -2  -10 0.5 0 0.8415
319 -1  -10 0.5 0 0.6718
320 0 -10 0.5 0 0.5015
321 1 -10 0.5 0 0.3285
322 2 -10 0.5 0 0.1518
323 3 -10 0.5 0 -0.0285
324 4 -10 0.5 0 -0.2125
325 5 -10 0.5 0 -0.4002
326 6 -10 0.5 0 -0.573
327 7 -10 0.5 0 -0.7554
328 8 -10 0.5 0 -0.9263
329 9 -10 0.5 0 -1.086
330 10  -10 0.5 0 -1.2376
331 -5  0 0.5 0 0.7752
332 -4  0 0.5 0 0.607
333 -2  0 0.5 0 0.2688
334 -1  0 0.5 0 0.0991
335 0 0 0.5 0 -0.0712
336 1 0 0.5 0 -0.2442
337 2 0 0.5 0 -0.4209
338 3 0 0.5 0 -0.6012
339 4 0 0.5 0 -0.7852
340 5 0 0.5 0 -0.9729
341 6 0 0.5 0 -1.1457
342 7 0 0.5 0 -1.3281
343 8 0 0.5 0 -1.499
344 9 0 0.5 0 -1.6587
345 10  0 0.5 0 -1.8103
346 -5  10  0.5 0 0.2037
347 -4  10  0.5 0 0.0355
348 -2  10  0.5 0 -0.3027
349 -1  10  0.5 0 -0.4724
350 0 10  0.5 0 -0.6427
351 1 10  0.5 0 -0.8157
352 2 10  0.5 0 -0.9924
353 3 10  0.5 0 -1.1727
354 4 10  0.5 0 -1.3567
355 5 10  0.5 0 -1.5444
356 6 10  0.5 0 -1.7172
357 7 10  0.5 0 -1.8996
358 8 10  0.5 0 -2.0705
359 9 10  0.5 0 -2.2302
360 10  10  0.5 0 -2.3818
361 -5  20  0.5 0 -0.0286
362 -4  20  0.5 0 -0.1968
363 -2  20  0.5 0 -0.535
364 -1  20  0.5 0 -0.7047
365 0 20  0.5 0 -0.875
366 1 20  0.5 0 -1.048
367 2 20  0.5 0 -1.2247
368 3 20  0.5 0 -1.405
369 4 20  0.5 0 -1.589
370 5 20  0.5 0 -1.7767
371 6 20  0.5 0 -1.9495
372 7 20  0.5 0 -2.1319
373 8 20  0.5 0 -2.3028
374 9 20  0.5 0 -2.4625
375 10  20  0.5 0 -2.6141
376 -5  30  0.5 0 -0.1945
377 -4  30  0.5 0 -0.3627
378 -2  30  0.5 0 -0.7009
379 -1  30  0.5 0 -0.8706
380 0 30  0.5 0 -1.0409
381 1 30  0.5 0 -1.2139
382 2 30  0.5 0 -1.3906
383 3 30  0.5 0 -1.5709
384 4 30  0.5 0 -1.7549
385 5 30  0.5 0 -1.9426
386 6 30  0.5 0 -2.1154
387 7 30  0.5 0 -2.2978
388 8 30  0.5 0 -2.4687
389 9 30  0.5 0 -2.6284
390 10  30  0.5 0 -2.78
391 -5  40  0.5 0 -0.3912
392 -4  40  0.5 0 -0.5594
393 -2  40  0.5 0 -0.8976
394 -1  40  0.5 0 -1.0673
395 0 40  0.5 0 -1.2376
396 1 40  0.5 0 -1.4106
397 2 40  0.5 0 -1.5873
398 3 40  0.5 0 -1.7676
399 4 40  0.5 0 -1.9516
400 5 40  0.5 0 -2.1393
401 6 40  0.5 0 -2.3121
402 7 40  0.5 0 -2.4945
403 8 40  0.5 0 -2.6654
404 9 40  0.5 0 -2.8251
405 10  40  0.5 0 -2.9767
