405
1 -5  -40 0.1 0.001093735 0
2 -4  -40 0.1 -0.010777462  0
3 -2  -40 0.1 -0.026860729  0
4 -1  -40 0.1 -0.032300576  0
5 0 -40 0.1 -0.0352 0
6 1 -40 0.1 -0.035493354  0
7 2 -40 0.1 -0.033210535  0
8 3 -40 0.1 -0.03009669 0
9 4 -40 0.1 -0.023470313  0
10  5 -40 0.1 -0.014853147  0
11  6 -40 0.1 -0.004858389  0
12  7 -40 0.1 0.008065346 0
13  8 -40 0.1 0.022098183 0
14  9 -40 0.1 0.038440775 0
15  10  -40 0.1 0.056179723 0
16  -5  -30 0.1 0.003463694 0
17  -4  -30 0.1 -0.008099311  0
18  -2  -30 0.1 -0.023569405  0
19  -1  -30 0.1 -0.02880432 0
20  0 -30 0.1 -0.0314 0
21  1 -30 0.1 -0.031390767  0
22  2 -30 0.1 -0.028706611  0
23  3 -30 0.1 -0.025392526  0
24  4 -30 0.1 -0.018367464  0
25  5 -30 0.1 -0.009452788  0
26  6 -30 0.1 0.00083814  0
27  7 -30 0.1 0.014056676 0
28  8 -30 0.1 0.028481939 0
29  9 -30 0.1 0.045215014 0
30  10  -30 0.1 0.063243899 0
31  -5  -20 0.1 0.004732781 0
32  -4  -20 0.1 -0.006642675  0
33  -2  -20 0.1 -0.021739729  0
34  -1  -20 0.1 -0.02668916 0
35  0 -20 0.1 -0.0291 0
36  1 -20 0.1 -0.028906628  0
37  2 -20 0.1 -0.026039028  0
38  3 -20 0.1 -0.022442328  0
39  4 -20 0.1 -0.015235306  0
40  5 -20 0.1 -0.00603976 0
41  6 -20 0.1 0.004431546 0
42  7 -20 0.1 0.017928984 0
43  8 -20 0.1 0.03263197  0
44  9 -20 0.1 0.049542735 0
45  10  -20 0.1 0.067847019 0
46  -5  -10 0.1 0.006082927 0
47  -4  -10 0.1 -0.005020675  0
48  -2  -10 0.1 -0.019476985  0
49  -1  -10 0.1 -0.024057357  0
50  0 -10 0.1 -0.0261 0
51  1 -10 0.1 -0.025539345  0
52  2 -10 0.1 -0.022305428  0
53  3 -10 0.1 -0.018443288  0
54  4 -10 0.1 -0.010772166  0
55  5 -10 0.1 -0.001313118  0
56  6 -10 0.1 0.009619761 0
57  7 -10 0.1 0.023477938 0
58  8 -10 0.1 0.038540399 0
59  9 -10 0.1 0.055809324 0
60  10  -10 0.1 0.074568886 0
61  -5  0 0.1 0.004850915 0
62  -4  0 0.1 -0.005344833  0
63  -2  0 0.1 -0.018087365  0
64  -1  0 0.1 -0.021862091  0
65  0 0 0.1 -0.023  0
66  1 0 0.1 -0.021535555  0
67  2 0 0.1 -0.017398885  0
68  3 0 0.1 -0.012535259  0
69  4 0 0.1 -0.003963841  0
70  5 0 0.1 0.006493778 0
71  6 0 0.1 0.01842346  0
72  7 0 0.1 0.033276488 0
73  8 0 0.1 0.049331665 0
74  9 0 0.1 0.067689759 0
75  10  0 0.1 0.087436937 0
76  -5  10  0.1 -0.002756742  0
77  -4  10  0.1 -0.012153158  0
78  -2  10  0.1 -0.023193785  0
79  -1  10  0.1 -0.026165834  0
80  0 10  0.1 -0.0264 0
81  1 10  0.1 -0.024030776  0
82  2 10  0.1 -0.018988383  0
83  3 10  0.1 -0.013118322  0
84  4 10  0.1 -0.003639682  0
85  5 10  0.1 0.00782541  0
86  6 10  0.1 0.020762767 0
87  7 10  0.1 0.036623487 0
88  8 10  0.1 0.053686188 0
89  9 10  0.1 0.07315022  0
90  10  10  0.1 0.093903738 0
91  -5  20  0.1 -0.007483384  0
92  -4  20  0.1 -0.016616298  0
93  -2  20  0.1 -0.026927386  0
94  -1  20  0.1 -0.029533117  0
95  0 20  0.1 -0.0294 0
96  1 20  0.1 -0.026762564  0
97  2 20  0.1 -0.021351067  0
98  3 20  0.1 -0.015111059  0
99  4 20  0.1 -0.005261683  0
100 5 20  0.1 0.006574883 0
101 6 20  0.1 0.019884399 0
102 7 20  0.1 0.036217165 0
103 8 20  0.1 0.053653009 0
104 9 20  0.1 0.073490679 0
105 10  20  0.1 0.094716759 0
106 -5  30  0.1 -0.010896412  0
107 -4  30  0.1 -0.019748457  0
108 -2  30  0.1 -0.029694908  0
109 -1  30  0.1 -0.032117241  0
110 0 30  0.1 -0.0318 0
111 1 30  0.1 -0.028877724  0
112 2 30  0.1 -0.023180743  0
113 3 30  0.1 -0.01685442 0
114 4 30  0.1 -0.006718319  0
115 5 30  0.1 0.005405415 0
116 6 30  0.1 0.018903004 0
117 7 30  0.1 0.035424506 0
118 8 30  0.1 0.053148779 0
119 9 30  0.1 0.073275034 0
120 10  30  0.1 0.094691282 0
121 -5  40  0.1 -0.016197152  0
122 -4  40  0.1 -0.024851305  0
123 -2  40  0.1 -0.034198832  0
124 -1  40  0.1 -0.036319813  0
125 0 40  0.1 -0.0357 0
126 1 40  0.1 -0.032473964  0
127 2 40  0.1 -0.026572006  0
128 3 40  0.1 -0.019839703  0
129 4 40  0.1 -0.00939647 0
130 5 40  0.1 0.003035456 0
131 6 40  0.1 0.016941715 0
132 7 40  0.1 0.03377323  0
133 8 40  0.1 0.051907472 0
134 9 40  0.1 0.072246535 0
135 10  40  0.1 0.094172439 0
136 -5  -40 0.3 0.005244109 0
137 -4  -40 0.3 -0.006554912  0
138 -2  -40 0.3 -0.022866656  0
139 -1  -40 0.3 -0.028320383  0
140 0 -40 0.3 -0.0302 0
141 1 -40 0.3 -0.031439861  0
142 2 -40 0.3 -0.029004845  0
143 3 -40 0.3 -0.025887595  0
144 4 -40 0.3 -0.019024542  0
145 5 -40 0.3 -0.011420069  0
146 6 -40 0.3 -0.0012372  0
147 7 -40 0.3 0.010793842 0
148 8 -40 0.3 0.024927675 0
149 9 -40 0.3 0.041370402 0
150 10  -40 0.3 0.058223784 0
151 -5  -30 0.3 0.007631499 0
152 -4  -30 0.3 -0.00386281 0
153 -2  -30 0.3 -0.019568352  0
154 -1  -30 0.3 -0.024820637  0
155 0 -30 0.3 -0.0263 0
156 1 -30 0.3 -0.027340764  0
157 2 -30 0.3 -0.024607839  0
158 3 -30 0.3 -0.021193898  0
159 4 -30 0.3 -0.014035401  0
160 5 -30 0.3 -0.00603714 0
161 6 -30 0.3 0.004438424 0
162 7 -30 0.3 0.016760797 0
163 8 -30 0.3 0.031283597 0
164 9 -30 0.3 0.048113354 0
165 10  -30 0.3 0.065253231 0
166 -5  -20 0.3 0.008918018 0
167 -4  -20 0.3 -0.002491979  0
168 -2  -20 0.3 -0.017731696  0
169 -1  -20 0.3 -0.022701986  0
170 0 -20 0.3 -0.0241 0
171 1 -20 0.3 -0.024860115  0
172 2 -20 0.3 -0.021947237  0
173 3 -20 0.3 -0.018254167  0
174 4 -20 0.3 -0.010917194  0
175 5 -20 0.3 -0.002641543  0
176 6 -20 0.3 0.008010924 0
177 7 -20 0.3 0.020608731 0
178 8 -20 0.3 0.035405793 0
179 9 -20 0.3 0.052409788 0
180 10  -20 0.3 0.069821621 0
181 -5  -10 0.3 0.01027688  0
182 -4  -10 0.3 -0.000863003  0
183 -2  -10 0.3 -0.015465462  0
184 -1  -10 0.3 -0.020068437  0
185 0 -10 0.3 -0.0211 0
186 1 -10 0.3 -0.021494578  0
187 2 -10 0.3 -0.018217126  0
188 3 -10 0.3 -0.01426036 0
189 4 -10 0.3 -0.00646103 0
190 5 -10 0.3 0.002076382 0
191 6 -10 0.3 0.013188686 0
192 7 -10 0.3 0.026145499 0
193 8 -10 0.3 0.041300305 0
194 9 -10 0.3 0.058660733 0
195 10  -10 0.3 0.076526124 0
196 -5  0 0.3 0.009088446 0
197 -4  0 0.3 -0.001152283  0
198 -2  0 0.3 -0.014058392  0
199 -1  0 0.3 -0.017864445  0
200 0 0 0.3 -0.018  0
201 1 0 0.3 -0.017499515  0
202 2 0 0.3 -0.013328033  0
203 3 0 0.3 -0.008378499  0
204 4 0 0.3 0.000312417 0
205 5 0 0.3 0.009839701 0
206 6 0 0.3 0.021940121 0
207 7 0 0.3 0.035883114 0
208 8 0 0.3 0.052021984 0
209 9 0 0.3 0.070462951 0
210 10  0 0.3 0.089307351 0
211 -5  10  0.3 0.001541797 0
212 -4  10  0.3 -0.007911778  0
213 -2  10  0.3 -0.019140383  0
214 -1  10  0.3 -0.022055987  0
215 0 10  0.3 -0.0214 0
216 1 10  0.3 -0.020006952  0
217 2 10  0.3 -0.014842022  0
218 3 10  0.3 -0.008998198  0
219 4 10  0.3 0.000587746 0
220 5 10  0.3 0.011110323 0
221 6 10  0.3 0.024206258 0
222 7 10  0.3 0.039144805 0
223 8 10  0.3 0.056279086 0
224 9 10  0.3 0.075813908 0
225 10  10  0.3 0.095652598 0
226 -5  20  0.3 -0.003176128  0
227 -4  20  0.3 -0.012367943  0
228 -2  20  0.3 -0.022870494  0
229 -1  20  0.3 -0.02552151 0
230 0 20  0.3 -0.0244 0
231 1 20  0.3 -0.022740485  0
232 2 20  0.3 -0.017208195  0
233 3 20  0.3 -0.010996168  0
234 4 20  0.3 -0.00104123 0
235 5 20  0.3 0.009851081 0
236 6 20  0.3 0.023317437 0
237 7 20  0.3 0.038726295 0
238 8 20  0.3 0.056231989 0
239 9 20  0.3 0.076138724 0
240 10  20  0.3 0.096448254 0
241 -5  30  0.3 -0.006571725  0
242 -4  30  0.3 -0.01548615 0
243 -2  30  0.3 -0.025631036  0
244 -1  30  0.3 -0.028102143  0
245 0 30  0.3 -0.0268 0
246 1 30  0.3 -0.024859136  0
247 2 30  0.3 -0.01914479 0
248 3 30  0.3 -0.012650133  0
249 4 30  0.3 -0.002412061  0
250 5 30  0.3 0.008664182 0
251 6 30  0.3 0.022315136 0
252 7 30  0.3 0.037909262 0
253 8 30  0.3 0.055798952 0
254 9 30  0.3 0.075891792 0
255 10  30  0.3 0.096486528 0
256 -5  40  0.3 -0.011855034  0
257 -4  40  0.3 -0.020475291  0
258 -2  40  0.3 -0.03012798 0
259 -1  40  0.3 -0.032301225  0
260 0 40  0.3 -0.0307 0
261 1 40  0.3 -0.028458866  0
262 2 40  0.3 -0.022443094  0
263 3 40  0.3 -0.015645884  0
264 4 40  0.3 -0.005104164  0
265 5 40  0.3 0.006276792 0
266 6 40  0.3 0.020332941 0
267 7 40  0.3 0.036233613 0
268 8 40  0.3 0.054430783 0
269 9 40  0.3 0.074930775 0
270 10  40  0.3 0.095834475 0
271 -5  -40 0.5 0.006037317 0
272 -4  -40 0.5 -0.005021591  0
273 -2  -40 0.5 -0.021438638  0
274 -1  -40 0.5 -0.025941185  0
275 0 -40 0.5 -0.0287 0
276 1 -40 0.5 -0.028849995  0
277 2 -40 0.5 -0.027255433  0
278 3 -40 0.5 -0.022863277  0
279 4 -40 0.5 -0.016618581  0
280 5 -40 0.5 -0.008652084  0
281 6 -40 0.5 0.001931814 0
282 7 -40 0.5 0.014410097 0
283 8 -40 0.5 0.028885541 0
284 9 -40 0.5 0.04483742  0
285 10  -40 0.5 0.062861152 0
286 -5  -30 0.5 0.008074774 0
287 -4  -30 0.5 -0.002709685  0
288 -2  -30 0.5 -0.0185807  0
289 -1  -30 0.5 -0.022811709  0
290 0 -30 0.5 -0.0254 0
291 1 -30 0.5 -0.025180507  0
292 2 -30 0.5 -0.023317513  0
293 3 -30 0.5 -0.018658003  0
294 4 -30 0.5 -0.012147052  0
295 5 -30 0.5 -0.003915417  0
296 6 -30 0.5 0.007131383 0
297 7 -30 0.5 0.019772856 0
298 8 -30 0.5 0.034608762 0
299 9 -30 0.5 0.050919358 0
300 10  -30 0.5 0.069201475 0
301 -5  -20 0.5 0.009167021 0
302 -4  -20 0.5 -0.001454659  0
303 -2  -20 0.5 -0.017001982  0
304 -1  -20 0.5 -0.021072054  0
305 0 -20 0.5 -0.0234 0
306 1 -20 0.5 -0.023020755  0
307 2 -20 0.5 -0.020898668  0
308 3 -20 0.5 -0.016080664  0
309 4 -20 0.5 -0.009312065  0
310 5 -20 0.5 -0.000923266  0
311 6 -20 0.5 0.010280092 0
312 7 -20 0.5 0.023276038 0
313 8 -20 0.5 0.03826687  0
314 9 -20 0.5 0.054731764 0
315 10  -20 0.5 0.073266044 0
316 -5  -10 0.5 0.010202097 0
317 -4  -10 0.5 -8.5195E-05 0
318 -2  -10 0.5 -0.014965766  0
319 -1  -10 0.5 -0.018703555  0
320 0 -10 0.5 -0.0207 0
321 1 -10 0.5 -0.020090061  0
322 2 -10 0.5 -0.017638112  0
323 3 -10 0.5 -0.012491118  0
324 4 -10 0.5 -0.005394439  0
325 5 -10 0.5 0.00342111  0
326 6 -10 0.5 0.014950441 0
327 7 -10 0.5 0.028271303 0
328 8 -10 0.5 0.043585955 0
329 9 -10 0.5 0.060472303 0
330 10  -10 0.5 0.079327808 0
331 -5  0 0.5 0.009050964 0
332 -4  0 0.5 -0.000524475  0
333 -2  0 0.5 -0.013883895  0
334 -1  0 0.5 -0.01681224 0
335 0 0 0.5 -0.018  0
336 1 0 0.5 -0.016482214  0
337 2 0 0.5 -0.013223335  0
338 3 0 0.5 -0.007170526  0
339 4 0 0.5 0.000730956 0
340 5 0 0.5 0.010449791 0
341 6 0 0.5 0.022880877 0
342 7 0 0.5 0.037101807 0
343 8 0 0.5 0.053413715 0
344 9 0 0.5 0.071196042 0
345 10  0 0.5 0.091043833 0
346 -5  10  0.5 0.002139333 0
347 -4  10  0.5 -0.006635919  0
348 -2  10  0.5 -0.018491571  0
349 -1  10  0.5 -0.020616566  0
350 0 10  0.5 -0.021  0
351 1 10  0.5 -0.01857699 0
352 2 10  0.5 -0.014512064  0
353 3 10  0.5 -0.007652452  0
354 4 10  0.5 0.001156284 0
355 5 10  0.5 0.011782732 0
356 6 10  0.5 0.025121633 0
357 7 10  0.5 0.040250424 0
358 8 10  0.5 0.057569112 0
359 9 10  0.5 0.076258671 0
360 10  10  0.5 0.097111724 0
361 -5  20  0.5 -0.002005803  0
362 -4  20  0.5 -0.010553544  0
363 -2  20  0.5 -0.021752126  0
364 -1  20  0.5 -0.023647245  0
365 0 20  0.5 -0.0237 0
366 1 20  0.5 -0.021045474  0
367 2 20  0.5 -0.01654828 0
368 3 20  0.5 -0.009355643  0
369 4 20  0.5 -0.000213179  0
370 5 20  0.5 0.010747656 0
371 6 20  0.5 0.024521016 0
372 7 20  0.5 0.039985195 0
373 8 20  0.5 0.057639776 0
374 9 20  0.5 0.076764462 0
375 10  20  0.5 0.097954006 0
376 -5  30  0.5 -0.004997955  0
377 -4  30  0.5 -0.013388531  0
378 -2  30  0.5 -0.024170971  0
379 -1  30  0.5 -0.025806996  0
380 0 30  0.5 -0.0257 0
381 1 30  0.5 -0.022885113  0
382 2 30  0.5 -0.018226937  0
383 3 30  0.5 -0.010772822  0
384 4 30  0.5 -0.001468205  0
385 5 30  0.5 0.009755029 0
386 6 30  0.5 0.023691637 0
387 7 30  0.5 0.039418937 0
388 8 30  0.5 0.057237785 0
389 9 30  0.5 0.076626115 0
390 10  30  0.5 0.097980864 0
391 -5  40  0.5 -0.009734621  0
392 -4  40  0.5 -0.017860061  0
393 -2  40  0.5 -0.02820883 0
394 -1  40  0.5 -0.029576469  0
395 0 40  0.5 -0.0292 0
396 1 40  0.5 -0.026014589  0
397 2 40  0.5 -0.021084875  0
398 3 40  0.5 -0.013358229  0
399 4 40  0.5 -0.003780111  0
400 5 40  0.5 0.007717571 0
401 6 40  0.5 0.021929553 0
402 7 40  0.5 0.038032383 0
403 8 40  0.5 0.056227183 0
404 9 40  0.5 0.075893003 0
405 10  40  0.5 0.097624494 0
